858
772
787
570
920
914
351
685
845
129
167
341
36
651
803
812
725
63
735
733
594
309
617
489
306
446
124
894
581
86
736
300
209
242
585
390
490
486
853
537
662
703
279
770
932
302
561
385
7
846
772
341
78
853
302
47
300
597
787
309
206
310
824
113
581
282
247
116
585
86
519
770
50
651
293
537
828
94
762
427
269
592
429
851
883
489
450
561
363
662
932
140
682
896
941
201
145
334
167
312
700
341
358
685
364
585
78
167
762
941
570
446
791
797
713
597
129
846
733
706
390
47
561
626
155
429
173
688
220
703
750
932
35
291
242
195
416
282
7
689
116
617
405
532
306
651
351
399
537
682